date,stock_id,Trading_Volume,Trading_money,open,max,min,close,spread,Trading_turnover,year,PER,PBR,equity,mkPrice,PSR,ROA,ROE,DailyReturn
2023-06-21,2073,1053000,35805050,33.0,35.0,32.65,34.95,12.95,739,2023,19.97,2.08,2.75,96.1125,1.6893138867797184,0,0,
2023-06-26,2073,444000,15193450,34.6,34.95,33.65,34.05,-0.9,305,2023,19.46,2.02,2.75,93.6375,1.645812241626592,0,0,-0.02575107296137355
2023-06-27,2073,209000,7097600,33.9,34.5,33.75,33.85,-0.2,152,2023,19.34,2.01,2.75,93.0875,1.6361452093703424,0,0,-0.005873715124816322
2023-06-28,2073,157000,5297250,34.1,34.1,33.6,33.6,-0.25,117,2023,19.2,2.0,2.75,92.4,1.6240614190500295,0,0,-0.007385524372230428
2023-06-29,2073,133000,4487150,33.65,34.0,33.5,33.75,0.15,95,2023,19.29,2.01,2.75,92.8125,1.6313116932422171,0,0,0.0044642857142856715
2023-06-30,2073,120000,4054850,34.0,34.0,33.7,33.75,0.0,72,2023,19.29,2.01,2.75,92.8125,1.6313116932422171,0,0,0.0
2023-07-03,2073,177000,5922750,33.85,33.85,33.3,33.35,-0.4,119,2023,19.06,1.98,2.75,91.7125,1.6625215037877483,0,0,-0.01185185185185181
2023-07-04,2073,95000,3154550,33.45,33.5,33.1,33.1,-0.25,65,2023,18.91,1.97,2.75,91.025,1.6500588238493097,0,0,-0.0074962518740629685
2023-07-05,2073,125000,4097850,32.9,32.95,32.6,32.75,-0.35,94,2023,18.71,1.95,2.75,90.0625,1.632611071935495,0,0,-0.01057401812688826
2023-07-06,2073,96000,3195200,32.85,33.9,32.85,32.95,0.2,85,2023,18.83,1.96,2.75,90.6125,1.6425812158862465,0,0,0.00610687022900772
2023-07-07,2073,68000,2244850,32.95,33.2,32.9,32.9,-0.05,53,2023,18.8,1.95,2.75,90.475,1.6400886798985583,0,0,-0.0015174506828529366
2023-07-10,2073,108000,3512650,32.95,32.95,32.1,32.2,-0.7,77,2023,18.4,1.91,2.75,88.55000000000001,1.6051931760709297,0,0,-0.021276595744680722
2023-07-11,2073,145000,4634100,32.2,32.9,31.75,32.9,0.7,75,2023,18.8,1.95,2.75,90.475,1.6400886798985583,0,0,0.021739130434782473
2023-07-12,2073,104000,3347450,32.9,32.9,31.75,31.9,-1.0,82,2023,18.23,1.9,2.75,87.725,1.590237960144803,0,0,-0.030395136778115502
2023-07-13,2073,81000,2478000,30.0,31.0,30.0,30.75,0.0,63,2023,17.57,1.83,2.75,84.5625,1.5329096324279838,0,0,-0.03605015673981187
2023-07-14,2073,142000,4496750,33.25,33.25,30.1,31.3,0.55,87,2023,17.89,1.86,2.75,86.075,1.5603275282925495,0,0,0.01788617886178864
2023-07-17,2073,61000,1882300,30.9,31.1,30.7,30.7,-0.6,39,2023,17.54,1.82,2.75,84.425,1.530417096440296,0,0,-0.019169329073482472
2023-07-18,2073,42000,1272400,30.85,30.85,30.1,30.15,-0.55,38,2023,17.23,1.79,2.75,82.9125,1.5029992005757304,0,0,-0.017915309446254093
2023-07-19,2073,84000,2535900,30.55,30.55,30.15,30.2,0.05,40,2023,17.26,1.79,2.75,83.05,1.5054917365634182,0,0,0.0016583747927031746
2023-07-20,2073,61000,1841650,30.5,30.5,30.15,30.2,0.0,22,2023,17.26,1.79,2.75,83.05,1.5054917365634182,0,0,0.0
2023-07-21,2073,63000,1912000,30.2,30.85,30.2,30.35,0.15,41,2023,17.34,1.8,2.75,83.4625,1.5129693445264816,0,0,0.0049668874172186135
2023-07-24,2073,15000,457750,30.35,30.8,30.35,30.75,0.4,13,2023,17.57,1.83,2.75,84.5625,1.5329096324279838,0,0,0.013179571663920876
2023-07-25,2073,40000,1241550,30.75,31.3,30.75,31.0,0.25,34,2023,17.71,1.84,2.75,85.25,1.5453723123664227,0,0,0.008130081300813009
2023-07-26,2073,36000,1107100,31.05,31.05,30.5,30.5,-0.5,20,2023,17.43,1.81,2.75,83.875,1.520446952489545,0,0,-0.016129032258064516
2023-07-27,2073,163000,5091100,30.8,31.7,30.8,31.5,1.0,73,2023,18.0,1.87,2.75,86.625,1.5702976722433004,0,0,0.03278688524590164
2023-07-28,2073,39000,1241450,31.7,32.0,31.6,31.6,0.1,35,2023,18.06,1.88,2.75,86.9,1.575282744218676,0,0,0.0031746031746032197
2023-07-31,2073,54000,1710500,31.75,32.0,31.55,31.55,-0.05,35,2023,18.03,1.87,2.75,86.7625,1.5727902082309884,0,0,-0.0015822784810126805
2023-08-01,2073,36000,1129800,31.8,31.8,31.25,31.55,0.0,25,2023,18.03,1.87,2.75,86.7625,1.5727902082309884,0,0,0.0
2023-08-02,2073,40000,1256100,32.2,32.2,31.0,31.4,-0.15,25,2023,17.94,1.87,2.75,86.35,1.6253689314540416,0,0,-0.004754358161648245
2023-08-04,2073,13000,402350,30.9,31.0,30.9,30.95,-0.45,10,2023,17.69,1.84,2.75,85.1125,1.602075427659318,0,0,-0.01433121019108278
2023-08-07,2073,23000,712200,30.9,31.2,30.7,31.2,0.25,13,2023,17.83,1.85,2.75,85.8,1.6150162631008311,0,0,0.008077544426494346
2023-08-08,2073,22000,681200,31.0,31.0,30.95,30.95,-0.25,13,2023,17.69,1.84,2.75,85.1125,1.602075427659318,0,0,-0.008012820512820514
2023-08-09,2073,50000,1539000,30.7,31.0,30.7,31.0,0.05,16,2023,17.71,1.84,2.75,85.25,1.6046635947476209,0,0,0.0016155088852988922
2023-08-10,2073,27000,830650,30.85,30.85,30.75,30.75,-0.25,14,2023,35.76,1.93,2.75,84.5625,1.5917227593061076,0,0,-0.008064516129032258
2023-08-11,2073,7000,214500,30.75,30.75,30.5,30.5,-0.25,7,2023,35.47,1.91,2.75,83.875,1.5787819238645946,0,0,-0.008130081300813009
2023-08-14,2073,40000,1198600,30.5,30.5,29.5,30.0,-0.5,29,2023,34.88,1.88,2.75,82.5,1.5529002529815683,0,0,-0.01639344262295082
2023-08-15,2073,33000,992400,30.0,30.7,30.0,30.7,0.7,25,2023,35.7,1.93,2.75,84.425,1.589134592217805,0,0,0.02333333333333331
2023-08-16,2073,32000,961300,30.0,30.15,30.0,30.0,-0.7,16,2023,34.88,1.88,2.75,82.5,1.5529002529815683,0,0,-0.02280130293159607
2023-08-17,2073,14000,426750,30.5,30.5,30.3,30.5,0.5,11,2023,35.47,1.91,2.75,83.875,1.5787819238645946,0,0,0.016666666666666666
2023-08-18,2073,29000,894900,30.95,31.0,30.5,31.0,0.5,18,2023,36.05,1.94,2.75,85.25,1.6046635947476209,0,0,0.01639344262295082
2023-08-21,2073,14000,437250,31.35,31.35,30.95,30.95,-0.05,12,2023,35.99,1.94,2.75,85.1125,1.602075427659318,0,0,-0.0016129032258064746
2023-08-22,2073,23000,707450,30.6,31.2,30.15,30.8,-0.15,14,2023,35.81,1.93,2.75,84.7,1.5943109263944104,0,0,-0.004846526655896561
2023-08-23,2073,24000,743300,30.8,31.15,30.45,31.0,0.2,21,2023,36.05,1.94,2.75,85.25,1.6046635947476209,0,0,0.0064935064935064705
2023-08-24,2073,44000,1353650,30.6,31.1,30.6,31.1,0.1,15,2023,36.16,1.95,2.75,85.525,1.609839928924226,0,0,0.003225806451612949
2023-08-25,2073,29000,896750,31.5,31.5,30.7,30.95,-0.15,19,2023,35.99,1.94,2.75,85.1125,1.602075427659318,0,0,-0.004823151125401997
2023-08-28,2073,8000,247150,30.95,31.2,30.7,30.7,-0.25,7,2023,35.7,1.93,2.75,84.425,1.589134592217805,0,0,-0.008077544426494346
2023-08-29,2073,7000,214950,30.7,30.95,30.5,30.5,-0.2,6,2023,35.47,1.91,2.75,83.875,1.5787819238645946,0,0,-0.006514657980456003
2023-08-30,2073,7000,215050,30.8,30.8,30.65,30.75,0.25,7,2023,35.76,1.93,2.75,84.5625,1.5917227593061076,0,0,0.00819672131147541
2023-08-31,2073,28000,859600,30.7,30.7,30.7,30.7,-0.05,12,2023,35.7,1.93,2.75,84.425,1.589134592217805,0,0,-0.0016260162601626248
2023-09-01,2073,16000,492550,31.2,31.2,30.7,30.7,0.0,11,2023,35.7,1.93,2.75,84.425,1.589134592217805,0,0,0.0
2023-09-04,2073,35000,1083650,30.95,31.1,30.55,31.0,0.3,22,2023,36.05,1.94,2.75,85.25,1.6540839867207615,0,0,0.009771986970684063
2023-09-05,2073,14000,430350,30.7,30.8,30.7,30.7,-0.3,8,2023,35.7,1.93,2.75,84.425,1.6380767223331412,0,0,-0.009677419354838733
2023-09-06,2073,80000,2450250,30.5,30.95,30.5,30.6,-0.1,21,2023,35.58,1.92,2.75,84.15,1.6327409675372675,0,0,-0.003257328990227944
2023-09-07,2073,203000,6196800,30.75,30.75,30.5,30.65,0.05,28,2023,35.64,1.92,2.75,84.2875,1.6354088449352044,0,0,0.0016339869281044822
2023-09-08,2073,6000,183700,30.65,30.65,30.6,30.6,-0.05,5,2023,35.58,1.92,2.75,84.15,1.6327409675372675,0,0,-0.0016313213703098583
2023-09-11,2073,21000,639250,30.85,30.85,30.1,30.5,-0.1,12,2023,35.47,1.91,2.75,83.875,1.6274052127413945,0,0,-0.003267973856209197
2023-09-12,2073,9000,274550,30.5,30.75,30.3,30.6,0.1,9,2023,35.58,1.92,2.75,84.15,1.6327409675372675,0,0,0.0032786885245902103
2023-09-13,2073,15000,459400,30.95,30.95,30.1,30.6,0.0,9,2023,35.58,1.92,2.75,84.15,1.6327409675372675,0,0,0.0
2023-09-14,2073,15000,460950,30.6,30.85,30.55,30.85,0.25,11,2023,35.87,1.94,2.75,84.8375,1.6460803545269511,0,0,0.008169934640522876
2023-09-15,2073,17000,519700,30.65,30.75,30.4,30.4,-0.45,9,2023,35.35,1.91,2.75,83.6,1.622069457945521,0,0,-0.014586709886547903
2023-09-18,2073,10000,305200,30.4,30.65,30.4,30.6,0.2,7,2023,35.58,1.92,2.75,84.15,1.6327409675372675,0,0,0.006578947368421147
2023-09-19,2073,23000,702600,30.5,30.7,30.5,30.5,-0.1,13,2023,35.47,1.91,2.75,83.875,1.6274052127413945,0,0,-0.003267973856209197
2023-09-20,2073,30000,916800,30.55,30.65,30.55,30.55,0.05,15,2023,35.52,1.92,2.75,84.0125,1.6300730901393312,0,0,0.0016393442622951052
2023-09-21,2073,22000,672550,30.5,30.6,30.5,30.6,0.05,15,2023,35.58,1.92,2.75,84.15,1.6327409675372675,0,0,0.0016366612111293195
2023-09-22,2073,12000,365600,30.4,30.75,30.35,30.4,-0.2,9,2023,35.35,1.91,2.75,83.6,1.622069457945521,0,0,-0.006535947712418394
2023-09-25,2073,12000,363050,30.2,30.45,30.2,30.25,-0.15,10,2023,35.17,1.9,2.75,83.1875,1.6140658257517109,0,0,-0.004934210526315743
2023-09-26,2073,22000,666800,30.35,30.35,30.3,30.3,0.05,8,2023,35.23,1.9,2.75,83.325,1.6167337031496476,0,0,0.0016528925619834947
2023-09-27,2073,24000,725400,30.3,30.3,30.2,30.2,-0.1,12,2023,35.12,1.89,2.75,83.05,1.611397948353774,0,0,-0.003300330033003347
2023-09-28,2073,24000,726000,30.2,30.3,30.1,30.25,0.05,9,2023,35.17,1.9,2.75,83.1875,1.6140658257517109,0,0,0.0016556291390728713
2023-10-02,2073,7000,210350,30.35,30.35,30.0,30.0,-0.25,7,2023,34.88,1.88,2.75,82.5,1.624338697260676,0,0,-0.008264462809917356
2023-10-03,2073,31000,935850,30.65,30.65,30.1,30.15,0.15,13,2023,35.06,1.89,2.75,82.9125,1.6324603907469792,0,0,0.004999999999999952
2023-10-04,2073,32000,965100,30.3,30.3,30.1,30.1,-0.05,6,2023,35.0,1.89,2.75,82.775,1.629753159584878,0,0,-0.0016583747927030566
2023-10-05,2073,25000,752700,30.1,30.15,30.1,30.15,0.05,9,2023,35.06,1.89,2.75,82.9125,1.6324603907469792,0,0,0.0016611295681062178
2023-10-06,2073,29000,870400,30.05,30.05,30.0,30.0,-0.15,13,2023,34.88,1.88,2.75,82.5,1.624338697260676,0,0,-0.004975124378109406
2023-10-11,2073,0,0,0.0,0.0,0.0,0.0,0.0,0,2023,34.88,1.88,2.75,0.0,0.0,0,0,-1.0
2023-10-12,2073,19000,569700,30.0,30.05,29.95,29.95,-0.05,14,2023,34.83,1.88,2.75,82.3625,1.621631466098575,0,0,inf
2023-10-13,2073,21000,626900,29.95,29.95,29.7,29.7,-0.25,14,2023,34.53,1.86,2.75,81.675,1.608095310288069,0,0,-0.008347245409015025
2023-10-16,2073,30000,894450,29.8,29.85,29.7,29.7,0.0,10,2023,34.53,1.86,2.75,81.675,1.608095310288069,0,0,0.0
2023-10-17,2073,3000,87850,29.0,29.85,29.0,29.85,0.15,3,2023,34.71,1.87,2.75,82.0875,1.6162170037743724,0,0,0.005050505050505122
2023-10-18,2073,4000,119400,29.85,29.85,29.85,29.85,0.0,2,2023,34.71,1.87,2.75,82.0875,1.6162170037743724,0,0,0.0
2023-10-19,2073,27000,800600,29.85,29.85,29.3,29.45,-0.4,14,2023,34.24,1.85,2.75,80.9875,1.5945591544775637,0,0,-0.01340033500837528
2023-10-20,2073,34000,990550,29.1,29.4,29.1,29.1,-0.35,16,2023,33.84,1.83,2.75,80.025,1.5756085363428556,0,0,-0.011884550084889572
2023-10-23,2073,18000,529200,29.1,29.95,29.05,29.5,0.4,8,2023,34.3,1.85,2.75,81.125,1.5972663856396645,0,0,0.013745704467353903
2023-10-24,2073,10000,292350,29.15,29.75,29.1,29.75,0.25,7,2023,34.59,1.87,2.75,81.8125,1.61080254145017,0,0,0.00847457627118644
2023-10-25,2073,15000,444400,29.7,29.85,29.5,29.85,0.1,6,2023,34.71,1.87,2.75,82.0875,1.6162170037743724,0,0,0.003361344537815174
2023-10-26,2073,18000,529400,29.45,29.75,29.3,29.65,-0.2,11,2023,34.48,1.86,2.75,81.5375,1.605388079125968,0,0,-0.006700167504187699
2023-10-27,2073,11000,323300,29.65,29.65,29.2,29.3,-0.35,7,2023,34.07,1.84,2.75,80.575,1.5864374609912602,0,0,-0.011804384485666033
2023-10-30,2073,20000,586550,29.3,29.75,29.25,29.25,-0.05,14,2023,34.01,1.84,2.75,80.4375,1.583730229829159,0,0,-0.0017064846416382496
2023-10-31,2073,16000,468050,29.45,29.45,29.2,29.35,0.1,12,2023,34.13,1.84,2.75,80.7125,1.5891446921533612,0,0,0.0034188034188034674
2023-11-01,2073,8000,235650,29.35,29.95,29.25,29.7,0.35,5,2023,34.53,1.86,2.75,81.675,1.608095310288069,0,0,0.011925042589437745
2023-11-02,2073,20000,589150,29.65,29.65,29.3,29.6,-0.1,7,2023,34.42,1.86,2.75,81.4,1.6026808479638668,0,0,-0.0033670033670032953
2023-11-03,2073,8000,234400,29.4,29.5,29.2,29.5,-0.1,6,2023,34.3,1.85,2.75,81.125,1.5972663856396645,0,0,-0.0033783783783784263
