類別：所有類別

天,大略-KY: (台灣)
